0 /home/lucas/TensorFlow/workspace/training_demo/YOLOv3_TensorFlow-master/data/my_data/images/train_416/IMG_20200216_171638553.jpg 416 416 0 67 253 113 301 0 62 335 101 386 0 88 379 132 416 0 138 361 171 415 0 140 278 181 358 0 145 227 177 276 0 67 170 135 229 0 93 119 160 184 0 91 44 121 98 0 126 50 158 104 0 94 0 135 46 0 130 15 171 59 0 25 31 63 85 0 0 79 22 130 0 4 151 50 195 0 35 167 70 209 0 0 238 24 291 0 0 291 34 375 0 173 330 220 399 0 189 257 230 314 0 167 178 223 254 0 235 181 289 226 0 160 56 209 124 0 208 80 258 158 0 188 131 242 177 0 275 114 318 178 0 313 155 348 207 0 260 65 298 112 0 284 40 320 94 0 197 0 246 22 0 232 4 263 37 0 265 0 299 21 0 299 0 323 49 0 230 343 288 405 0 262 279 321 344 0 314 284 346 344 0 349 293 375 338 0 290 333 335 395 0 262 374 316 416 0 347 342 413 416 0 352 216 394 279 0 370 167 410 219 0 403 140 416 186 0 338 88 388 139 0 365 35 397 82 0 371 59 416 122 0 359 0 416 36 0 404 6 416 43
1 /home/lucas/TensorFlow/workspace/training_demo/YOLOv3_TensorFlow-master/data/my_data/images/train_416/IMG_20200216_171844922.jpg 416 416 0 98 239 127 273 0 96 218 130 239 0 123 218 139 244 0 122 243 140 269 0 136 223 156 251 0 138 248 158 275 0 154 216 178 244 0 116 196 133 219 0 131 192 164 221 0 122 170 153 202 0 151 152 174 189 0 135 147 162 174 0 135 128 156 149 0 154 130 168 153 0 128 265 145 292 0 150 251 171 295 0 139 272 176 318 0 162 282 189 315 0 164 266 199 284 0 157 238 172 260 0 167 229 194 265 0 160 179 185 215 0 180 167 202 196 0 176 143 191 171 0 164 134 180 163 0 145 111 165 135 0 162 108 181 136 0 180 128 204 155 0 171 87 197 110 0 192 83 224 111 0 185 99 217 127 0 184 117 196 132 0 195 118 204 136 0 201 124 221 155 0 211 98 240 131 0 227 87 253 112 0 212 125 249 166 0 198 144 216 188 0 208 165 238 188 0 202 183 223 199 0 225 183 246 199 0 207 197 234 216 0 181 195 206 230 0 197 207 213 235 0 216 207 229 232 0 227 194 249 233 0 225 226 240 240 0 239 223 259 249 0 191 233 221 271 0 216 235 244 275 0 240 248 266 263 0 238 262 259 286 0 216 275 235 294 0 233 273 245 294 0 192 273 211 310 0 207 285 228 324 0 238 279 258 328 0 209 306 243 341 0 197 308 213 335 0 183 299 202 327 0 178 319 198 337 0 176 309 187 324 0 252 280 276 322 0 257 246 277 288 0 272 269 292 305 0 279 263 305 286 0 269 228 302 267 0 250 206 271 237 0 256 235 270 248 0 284 204 300 234 0 268 206 284 227 0 263 195 284 209 0 246 186 269 201 0 236 160 272 191 0 266 174 284 202 0 267 152 303 204 0 243 143 265 162 0 255 128 287 159 0 242 101 271 139
2 /home/lucas/TensorFlow/workspace/training_demo/YOLOv3_TensorFlow-master/data/my_data/images/train_416/IMG_20200216_170947265.jpg 416 416 0 133 151 294 334
3 /home/lucas/TensorFlow/workspace/training_demo/YOLOv3_TensorFlow-master/data/my_data/images/train_416/IMG_20200216_170632555.jpg 416 416 0 154 97 272 295
4 /home/lucas/TensorFlow/workspace/training_demo/YOLOv3_TensorFlow-master/data/my_data/images/train_416/IMG_20200216_171614308.jpg 416 416 0 37 290 87 416 0 35 181 103 278 0 45 29 97 107 0 108 58 183 156 0 180 72 229 158 0 157 148 212 240 0 96 183 185 311 0 174 300 223 373 0 233 246 329 350 0 273 152 327 247 0 176 0 255 43 0 262 66 314 134 0 384 0 415 76 0 297 15 373 121 0 323 96 359 137 0 354 73 383 139 0 316 190 380 270 0 367 215 400 277 0 365 240 416 326 0 291 394 356 416
5 /home/lucas/TensorFlow/workspace/training_demo/YOLOv3_TensorFlow-master/data/my_data/images/train_416/IMG_20200216_171635513.jpg 416 416 0 30 60 96 134 0 17 133 71 223 0 81 144 132 236 0 86 82 153 157 0 134 167 219 273 0 26 272 133 370 0 0 349 91 415 0 150 362 235 415 0 259 359 353 416 0 328 256 405 363 0 186 278 274 359 0 218 206 299 338 0 389 354 416 402 0 306 164 369 249 0 349 136 400 213 0 362 52 409 144 0 257 62 311 120 0 197 14 282 87 0 302 6 375 95 0 351 0 415 25 0 236 0 299 30 0 0 0 47 18
6 /home/lucas/TensorFlow/workspace/training_demo/YOLOv3_TensorFlow-master/data/my_data/images/train_416/IMG_20200216_170443394.jpg 416 416 0 222 117 308 281
7 /home/lucas/TensorFlow/workspace/training_demo/YOLOv3_TensorFlow-master/data/my_data/images/train_416/IMG_20200216_171902872.jpg 416 416 0 139 105 229 221 0 209 69 279 167 0 66 2 135 154 0 126 19 161 110 0 160 0 250 107 0 273 31 314 165 0 244 14 275 80 0 15 92 92 238 0 73 137 142 258 0 117 212 165 291 0 209 146 254 214 0 239 136 335 260 0 307 75 372 166 0 16 0 76 68 0 0 5 41 114 0 28 188 82 248 0 52 226 136 320 0 153 283 235 361 0 174 259 229 317 0 149 178 194 274 0 209 215 256 268 0 229 232 320 373 0 331 180 378 272 0 322 282 415 367 0 352 206 416 304 0 91 291 154 379 0 76 365 139 413 0 18 301 75 356 0 124 355 194 416 0 187 383 200 416 0 200 353 251 416 0 220 333 297 416 0 306 338 344 416 0 348 65 416 170 0 272 0 386 76
8 /home/lucas/TensorFlow/workspace/training_demo/YOLOv3_TensorFlow-master/data/my_data/images/train_416/IMG_20200216_170531284.jpg 416 416 0 160 99 240 337
9 /home/lucas/TensorFlow/workspace/training_demo/YOLOv3_TensorFlow-master/data/my_data/images/train_416/IMG_20200216_170554556.jpg 416 416 0 146 108 288 309
10 /home/lucas/TensorFlow/workspace/training_demo/YOLOv3_TensorFlow-master/data/my_data/images/train_416/IMG_20200216_171231594.jpg 416 416 0 38 192 77 260 0 134 163 177 216 0 72 252 140 335 0 0 314 17 395 0 62 369 128 416 0 147 373 186 416 0 201 39 292 143 0 343 132 394 200 0 255 219 315 300 0 208 287 294 392 0 318 378 368 416 0 401 271 416 354
11 /home/lucas/TensorFlow/workspace/training_demo/YOLOv3_TensorFlow-master/data/my_data/images/train_416/IMG_20200216_171235514.jpg 416 416 0 5 132 44 176 0 0 222 11 273 0 51 19 138 112 0 178 102 224 168 0 102 180 156 255 0 61 243 131 332 0 10 317 50 375 0 145 324 207 416 0 224 228 268 301 0 282 295 346 377
12 /home/lucas/TensorFlow/workspace/training_demo/YOLOv3_TensorFlow-master/data/my_data/images/train_416/IMG_20200216_171222426.jpg 416 416 0 74 52 109 118 0 176 0 249 33 0 305 0 405 81 0 155 70 220 155 0 237 69 282 137 0 303 171 341 221 0 263 219 332 304 0 91 184 141 242 0 398 105 416 176 0 356 199 416 342 0 306 381 370 416 0 247 400 273 416 0 130 387 175 416 0 174 291 258 381 0 52 284 92 344 0 92 318 119 367
13 /home/lucas/TensorFlow/workspace/training_demo/YOLOv3_TensorFlow-master/data/my_data/images/train_416/IMG_20200216_170931551.jpg 416 416 0 180 172 279 303
14 /home/lucas/TensorFlow/workspace/training_demo/YOLOv3_TensorFlow-master/data/my_data/images/train_416/IMG_20200216_171859432.jpg 416 416 0 157 144 236 266 0 106 67 207 184 0 92 183 187 330 0 72 90 118 199 0 10 71 94 226 0 44 3 122 116 0 120 0 180 82 0 183 0 261 72 0 227 41 358 157 0 200 71 238 153 0 225 112 279 266 0 276 155 347 266 0 320 139 416 277 0 346 27 416 158 0 302 0 415 81 0 206 244 307 359 0 308 272 362 381 0 28 213 104 331 0 70 309 139 374 0 145 343 206 397 0 111 286 157 370 0 11 306 102 411 0 200 322 295 416 0 345 291 416 415
15 /home/lucas/TensorFlow/workspace/training_demo/YOLOv3_TensorFlow-master/data/my_data/images/train_416/IMG_20200216_171631394.jpg 416 416 0 173 39 229 128 0 253 50 310 158 0 43 374 94 416 0 0 352 40 415 0 51 144 96 229 0 78 154 162 270 0 0 121 58 205 0 0 210 11 272 0 140 206 185 271 0 187 137 242 236 0 129 286 226 381 0 195 338 255 409 0 177 228 244 311 0 313 323 357 416 0 248 292 318 375 0 236 175 288 286 0 292 175 381 295 0 313 35 371 131 0 341 117 414 185 0 402 184 416 221 0 379 1 416 97 0 48 0 80 72 0 11 37 51 68 0 0 0 59 52
16 /home/lucas/TensorFlow/workspace/training_demo/YOLOv3_TensorFlow-master/data/my_data/images/train_416/IMG_20200216_171602891.jpg 416 416 0 18 171 106 278 0 75 265 174 386 0 186 229 281 361 0 42 0 141 90 0 206 38 303 226 0 277 143 411 320 0 323 0 413 128 0 225 0 302 36
17 /home/lucas/TensorFlow/workspace/training_demo/YOLOv3_TensorFlow-master/data/my_data/images/train_416/IMG_20200216_171853784.jpg 416 416 0 57 53 99 117 0 88 47 131 130 0 87 14 114 61 0 110 1 162 39 0 125 12 162 60 0 132 43 194 102 0 155 10 196 52 0 143 82 192 137 0 189 0 244 53 0 187 57 219 149 0 213 82 242 147 0 175 124 216 215 0 154 128 180 174 0 111 105 161 171 0 84 132 120 184 0 53 117 85 180 0 91 172 126 226 0 115 183 144 220 0 131 164 180 198 0 56 192 110 230 0 73 223 115 282 0 64 261 131 360 0 106 222 154 289 0 128 210 158 254 0 147 192 206 288 0 144 278 186 355 0 118 291 168 377 0 93 340 140 406 0 128 370 176 416 0 222 312 253 410 0 182 271 230 382 0 169 351 290 416 0 295 299 332 361 0 263 332 300 363 0 245 270 276 324 0 247 281 301 355 0 202 240 269 302 0 272 231 335 308 0 237 188 301 270 0 221 163 252 227 0 204 141 234 189 0 280 149 340 251 0 229 126 268 173 0 239 89 337 168 0 319 155 361 260 0 200 23 270 89 0 251 34 340 106 0 236 1 312 53
18 /home/lucas/TensorFlow/workspace/training_demo/YOLOv3_TensorFlow-master/data/my_data/images/train_416/IMG_20200216_171240334.jpg 416 416 0 314 294 403 412 0 208 249 280 416 0 3 355 97 416 0 104 274 181 371 0 151 224 195 276 0 264 102 350 238 0 377 0 416 74 0 82 99 132 172 0 0 93 60 193 0 170 0 259 117 0 5 1 80 45
19 /home/lucas/TensorFlow/workspace/training_demo/YOLOv3_TensorFlow-master/data/my_data/images/train_416/IMG_20200216_171001846.jpg 416 416 0 193 142 304 314
20 /home/lucas/TensorFlow/workspace/training_demo/YOLOv3_TensorFlow-master/data/my_data/images/train_416/IMG_20200216_171839345_BURST001.jpg 416 416 0 203 8 249 48 0 231 24 274 71 0 253 17 292 46 0 275 26 319 86 0 296 70 346 112 0 173 17 210 45 0 191 26 227 55 0 206 46 240 71 0 215 59 246 96 0 234 61 289 119 0 157 31 185 80 0 178 48 206 75 0 180 61 218 97 0 200 80 229 104 0 208 89 236 147 0 129 42 163 77 0 141 63 164 99 0 115 65 145 100 0 158 69 181 122 0 172 80 197 124 0 178 111 215 159 0 112 86 147 132 0 132 89 169 152 0 145 121 186 190 0 210 134 249 167 0 226 106 272 154 0 267 108 328 155 0 90 122 135 170 0 101 146 147 197 0 79 168 105 196 0 253 139 286 169 0 287 139 323 172 0 314 131 344 174 0 312 162 348 188 0 320 105 371 183 0 346 180 370 230 0 299 176 327 233 0 313 161 348 221 0 255 157 292 219 0 275 201 308 250 0 252 208 279 235 0 235 178 262 223 0 220 159 269 195 0 205 175 231 220 0 179 160 220 221 0 132 183 178 232 0 85 187 109 232 0 106 193 136 245 0 52 196 95 231 0 67 210 95 254 0 77 229 116 276 0 48 227 92 280 0 138 222 161 261 0 90 266 122 314 0 104 240 140 284 0 120 248 160 314 0 152 209 199 270 0 194 217 245 282 0 234 224 285 288 0 145 271 206 301 0 277 245 320 272 0 303 228 326 252 0 320 218 378 267 0 189 282 230 351 0 235 291 268 322 0 273 272 310 311 0 307 249 338 317 0 333 282 362 345 0 335 275 379 315 0 261 285 287 329 0 298 306 336 374 0 271 299 307 385 0 109 286 164 360 0 145 297 187 357 0 169 362 201 396 0 172 328 211 379 0 184 317 211 355 0 222 320 255 377 0 203 345 226 392 0 220 344 284 409
21 /home/lucas/TensorFlow/workspace/training_demo/YOLOv3_TensorFlow-master/data/my_data/images/train_416/IMG_20200216_170812521.jpg 416 416 0 103 67 234 347
22 /home/lucas/TensorFlow/workspace/training_demo/YOLOv3_TensorFlow-master/data/my_data/images/train_416/IMG_20200216_171624376.jpg 416 416 0 58 90 160 231 0 205 33 311 218 0 188 284 270 378 0 84 245 142 360 0 393 200 416 352 0 355 392 400 416 0 262 385 359 416 0 0 392 14 416 0 16 375 78 416 0 69 396 135 416 0 117 379 155 416 0 147 394 195 416
23 /home/lucas/TensorFlow/workspace/training_demo/YOLOv3_TensorFlow-master/data/my_data/images/train_416/IMG_20200216_171617809.jpg 416 416 0 25 248 82 334 0 107 75 166 156 0 167 0 230 33 0 304 0 398 39 0 220 55 282 171 0 207 150 265 199 0 162 183 240 268 0 91 303 168 390 0 165 315 214 398 0 146 379 194 416 0 274 389 313 416 0 257 301 300 373 0 285 241 341 332 0 343 302 374 375 0 311 321 349 367 0 300 266 366 357 0 366 141 416 223 0 379 209 416 318
24 /home/lucas/TensorFlow/workspace/training_demo/YOLOv3_TensorFlow-master/data/my_data/images/train_416/IMG_20200216_171627768.jpg 416 416 0 0 0 75 33 0 30 156 111 253 0 46 236 116 361 0 124 280 175 357 0 118 172 185 279 0 199 158 257 228 0 258 39 316 150 0 253 167 339 259 0 199 204 279 287 0 295 163 377 255 0 371 69 416 161 0 264 0 323 19 0 385 1 416 18 0 327 249 412 342 0 375 327 416 416 0 11 355 41 416 0 0 283 20 340 0 0 328 19 416
25 /home/lucas/TensorFlow/workspace/training_demo/YOLOv3_TensorFlow-master/data/my_data/images/train_416/IMG_20200216_170448209.jpg 416 416 0 211 111 357 305
26 /home/lucas/TensorFlow/workspace/training_demo/YOLOv3_TensorFlow-master/data/my_data/images/train_416/IMG_20200216_171540204.jpg 416 416 0 0 0 20 39 0 0 51 30 136 0 21 179 119 281 0 70 75 177 172 0 159 82 213 174 0 128 155 198 259 0 69 220 163 335 0 222 85 260 167 0 225 0 283 65 0 330 210 410 328 0 216 176 318 337 0 373 44 416 153 0 341 0 371 13 0 377 0 416 35
27 /home/lucas/TensorFlow/workspace/training_demo/YOLOv3_TensorFlow-master/data/my_data/images/train_416/IMG_20200216_170456634.jpg 416 416 0 203 106 294 311
28 /home/lucas/TensorFlow/workspace/training_demo/YOLOv3_TensorFlow-master/data/my_data/images/train_416/IMG_20200216_170939372.jpg 416 416 0 179 187 273 336
29 /home/lucas/TensorFlow/workspace/training_demo/YOLOv3_TensorFlow-master/data/my_data/images/train_416/IMG_20200216_170623995.jpg 416 416 0 165 59 274 337
30 /home/lucas/TensorFlow/workspace/training_demo/YOLOv3_TensorFlow-master/data/my_data/images/train_416/IMG_20200216_170724756.jpg 416 416 0 172 113 269 299
31 /home/lucas/TensorFlow/workspace/training_demo/YOLOv3_TensorFlow-master/data/my_data/images/train_416/IMG_20200216_171218491.jpg 416 416 0 55 20 100 71 0 25 117 59 171 0 57 144 81 188 0 93 201 135 257 0 129 108 201 180 0 183 200 228 247 0 242 150 305 262 0 331 188 385 264 0 208 33 264 99 0 238 0 277 31 0 287 0 346 117 0 380 12 416 104 0 154 298 196 358 0 240 296 291 356 0 310 275 363 341
32 /home/lucas/TensorFlow/workspace/training_demo/YOLOv3_TensorFlow-master/data/my_data/images/train_416/IMG_20200216_171528517.jpg 416 416 0 61 278 122 409 0 157 145 252 293 0 226 43 320 197 0 0 17 83 132 0 26 0 94 20
33 /home/lucas/TensorFlow/workspace/training_demo/YOLOv3_TensorFlow-master/data/my_data/images/train_416/IMG_20200216_170522253.jpg 416 416 0 175 143 265 262
34 /home/lucas/TensorFlow/workspace/training_demo/YOLOv3_TensorFlow-master/data/my_data/images/train_416/IMG_20200216_170820955.jpg 416 416 0 113 118 252 350
35 /home/lucas/TensorFlow/workspace/training_demo/YOLOv3_TensorFlow-master/data/my_data/images/train_416/IMG_20200216_170844459.jpg 416 416 0 143 149 284 352
36 /home/lucas/TensorFlow/workspace/training_demo/YOLOv3_TensorFlow-master/data/my_data/images/train_416/IMG_20200216_171525000.jpg 416 416 0 118 265 181 374 0 220 318 273 415 0 296 230 358 333 0 344 155 404 267 0 341 28 412 108 0 249 0 333 38 0 168 143 240 225 0 44 162 83 228 0 30 234 107 370 0 0 154 42 232 0 0 213 25 303 0 173 72 248 138 0 10 5 61 66 0 54 78 102 150 0 76 19 129 81 0 129 0 177 110
37 /home/lucas/TensorFlow/workspace/training_demo/YOLOv3_TensorFlow-master/data/my_data/images/train_416/IMG_20200216_171254381.jpg 416 416 0 102 52 183 129 0 170 85 210 146 0 81 97 113 155 0 103 117 162 191 0 151 138 189 192 0 199 44 234 100 0 62 175 90 231 0 87 166 136 249 0 130 181 183 240 0 173 175 199 214 0 117 229 150 274 0 79 238 112 292 0 108 269 138 329 0 172 346 205 399 0 130 286 200 373 0 145 234 203 318 0 201 282 235 340 0 208 332 255 389 0 188 202 258 317 0 195 117 253 212 0 234 289 281 340 0 220 307 296 388 0 273 266 351 355 0 245 230 296 299 0 298 163 346 264 0 248 139 300 231 0 282 83 340 159 0 223 61 269 137 0 260 54 297 122 0 212 8 252 63
38 /home/lucas/TensorFlow/workspace/training_demo/YOLOv3_TensorFlow-master/data/my_data/images/train_416/IMG_20200216_170509212.jpg 416 416 0 185 139 287 276
39 /home/lucas/TensorFlow/workspace/training_demo/YOLOv3_TensorFlow-master/data/my_data/images/train_416/IMG_20200216_171650992.jpg 416 416 0 184 301 233 405 0 268 196 333 314 0 317 115 387 237 0 324 0 391 56 0 127 104 195 194 0 62 246 129 353 0 0 207 50 349 0 0 128 28 197 0 2 37 54 112 0 127 27 208 91 0 96 0 134 67 0 23 0 82 39
40 /home/lucas/TensorFlow/workspace/training_demo/YOLOv3_TensorFlow-master/data/my_data/images/train_416/IMG_20200216_170911023.jpg 416 416 0 187 154 310 328
41 /home/lucas/TensorFlow/workspace/training_demo/YOLOv3_TensorFlow-master/data/my_data/images/train_416/IMG_20200216_171552092.jpg 416 416 0 0 36 13 103 0 279 0 314 20 0 276 43 327 160 0 190 42 262 169 0 68 33 211 167 0 142 142 242 282 0 269 169 406 382 0 7 178 139 311 0 77 231 190 388
42 /home/lucas/TensorFlow/workspace/training_demo/YOLOv3_TensorFlow-master/data/my_data/images/train_416/IMG_20200216_170733256.jpg 416 416 0 169 113 302 317
43 /home/lucas/TensorFlow/workspace/training_demo/YOLOv3_TensorFlow-master/data/my_data/images/train_416/IMG_20200216_171226597.jpg 416 416 0 0 1 29 60 0 0 91 14 179 0 29 97 68 159 0 87 4 160 109 0 147 0 178 14 0 263 0 317 65 0 330 60 405 143 0 171 96 241 209 0 299 180 378 287 0 214 260 276 354 0 82 199 118 244 0 43 245 104 317 0 126 218 186 355 0 0 319 43 389 0 73 390 135 416 0 285 326 389 416
44 /home/lucas/TensorFlow/workspace/training_demo/YOLOv3_TensorFlow-master/data/my_data/images/train_416/IMG_20200216_170954758.jpg 416 416 0 183 160 314 305
45 /home/lucas/TensorFlow/workspace/training_demo/YOLOv3_TensorFlow-master/data/my_data/images/train_416/IMG_20200216_171646812.jpg 416 416 0 329 271 404 363 0 292 64 416 165 0 194 0 296 127 0 85 17 198 133 0 0 33 13 83 0 68 138 128 217 0 144 111 209 227 0 114 210 186 292 0 167 251 282 394 0 0 201 105 321 0 83 286 162 388 0 0 314 28 384 0 0 353 70 416
46 /home/lucas/TensorFlow/workspace/training_demo/YOLOv3_TensorFlow-master/data/my_data/images/train_416/IMG_20200216_171259453.jpg 416 416 0 165 85 205 143 0 94 46 177 126 0 192 40 231 95 0 208 3 248 58 0 218 59 266 134 0 253 50 293 117 0 277 81 336 157 0 77 95 110 154 0 98 111 157 189 0 147 136 185 191 0 167 172 195 211 0 187 115 248 210 0 241 136 297 228 0 291 160 343 262 0 241 228 292 296 0 181 204 254 316 0 125 175 180 237 0 112 224 146 272 0 56 172 87 229 0 83 165 131 246 0 75 235 108 291 0 104 267 135 329 0 140 231 199 314 0 127 284 199 373 0 170 341 202 395 0 196 280 228 336 0 204 328 254 384 0 230 283 277 338 0 218 309 293 385 0 269 266 346 351
47 /home/lucas/TensorFlow/workspace/training_demo/YOLOv3_TensorFlow-master/data/my_data/images/train_416/IMG_20200216_171211425.jpg 416 416 0 185 7 227 55 0 250 48 271 79 0 209 86 235 126 0 154 64 174 94 0 105 83 125 112 0 124 110 157 147 0 190 120 224 169 0 78 156 96 186 0 119 165 150 204 0 157 166 178 195 0 230 160 262 214 0 187 210 204 233 0 90 219 115 249 0 171 235 199 270 0 209 219 239 282 0 131 270 169 308 0 113 317 136 347 0 160 321 183 343 0 72 270 92 300 0 92 284 105 312 0 189 302 219 354 0 232 315 254 356 0 222 356 245 391 0 190 366 213 397 0 147 367 168 398 0 274 109 294 147 0 302 144 336 180 0 290 199 324 247 0 252 236 281 282 0 290 266 332 312 0 268 312 302 369
48 /home/lucas/TensorFlow/workspace/training_demo/YOLOv3_TensorFlow-master/data/my_data/images/train_416/IMG_20200216_170903395.jpg 416 416 0 181 155 304 321
49 /home/lucas/TensorFlow/workspace/training_demo/YOLOv3_TensorFlow-master/data/my_data/images/train_416/IMG_20200216_171839345_BURST000_COVER_TOP.jpg 416 416 0 171 13 208 43 0 204 6 249 44 0 230 24 274 69 0 255 14 292 45 0 192 26 232 56 0 207 42 218 86 0 217 54 245 94 0 232 60 288 109 0 274 25 324 83 0 157 30 183 78 0 165 35 199 74 0 181 58 219 95 0 296 66 346 109 0 207 81 237 143 0 173 79 198 120 0 132 41 163 74 0 140 59 164 95 0 134 86 169 149 0 111 86 148 128 0 113 64 145 96 0 176 109 215 157 0 225 104 273 147 0 213 132 250 164 0 252 136 287 164 0 267 105 328 152 0 90 121 136 169 0 103 147 154 195 0 144 118 186 185 0 179 156 220 220 0 201 171 231 219 0 222 156 266 189 0 236 176 262 225 0 223 191 245 230 0 255 151 292 220 0 287 143 321 170 0 315 131 344 169 0 323 111 371 180 0 289 170 328 229 0 346 176 371 228 0 325 177 347 217 0 275 200 308 247 0 251 205 277 234 0 120 178 165 200 0 131 184 179 230 0 105 194 137 242 0 79 162 106 194 0 85 186 110 230 0 50 194 93 226 0 67 203 91 252 0 48 223 89 279 0 79 228 111 273 0 136 220 159 259 0 156 207 198 267 0 193 214 244 278 0 236 222 285 287 0 278 242 320 270 0 303 223 328 249 0 320 210 378 264 0 273 268 310 308 0 305 238 338 314 0 322 279 362 342 0 326 273 378 311 0 103 238 138 282 0 120 244 158 312 0 91 261 120 312 0 144 266 206 299 0 166 256 209 283 0 221 272 240 302 0 105 283 170 357 0 145 295 188 351 0 198 280 228 341 0 234 285 270 319 0 262 282 286 325 0 270 293 306 382 0 220 317 256 374 0 178 307 213 352 0 294 304 337 374 0 229 336 285 406 0 200 332 227 393 0 175 321 208 378 0 164 333 186 368 0 170 349 204 392
50 /home/lucas/TensorFlow/workspace/training_demo/YOLOv3_TensorFlow-master/data/my_data/images/train_416/IMG_20200216_170428675.jpg 416 416 0 227 144 299 256
51 /home/lucas/TensorFlow/workspace/training_demo/YOLOv3_TensorFlow-master/data/my_data/images/train_416/IMG_20200216_170437576.jpg 416 416 0 226 159 315 262
52 /home/lucas/TensorFlow/workspace/training_demo/YOLOv3_TensorFlow-master/data/my_data/images/train_416/IMG_20200216_170616039.jpg 416 416 0 148 95 259 309
53 /home/lucas/TensorFlow/workspace/training_demo/YOLOv3_TensorFlow-master/data/my_data/images/train_416/IMG_20200216_171648314.jpg 416 416 0 212 119 319 232 0 300 0 391 18 0 395 121 416 171 0 358 233 416 323 0 96 303 206 397 0 77 92 143 173 0 41 174 113 351 0 0 229 37 318 0 0 314 11 363 0 93 0 177 62 0 46 0 99 31 0 0 9 27 58 0 0 48 57 142 0 0 143 16 178
54 /home/lucas/TensorFlow/workspace/training_demo/YOLOv3_TensorFlow-master/data/my_data/images/train_416/IMG_20200216_170643455.jpg 416 416 0 112 147 312 331
55 /home/lucas/TensorFlow/workspace/training_demo/YOLOv3_TensorFlow-master/data/my_data/images/train_416/IMG_20200216_171906953.jpg 416 416 0 133 1 194 107 0 197 75 276 162 0 226 1 289 70 0 261 47 311 121 0 304 28 344 126 0 188 7 215 78 0 339 59 391 140 0 66 60 133 189 0 129 102 183 215 0 171 80 205 157 0 10 37 55 121 0 21 86 82 174 0 37 0 101 83 0 87 0 139 48 0 0 127 47 221 0 95 184 172 248 0 164 163 197 240 0 18 158 74 250 0 45 199 103 230 0 59 208 106 289 0 198 131 232 225 0 25 278 85 323 0 83 262 135 315 0 118 238 186 316 0 219 138 272 196 0 275 109 361 217 0 351 156 392 226 0 266 194 344 309 0 346 238 416 311 0 202 211 259 288 0 184 230 257 325 0 65 287 126 350 0 56 321 102 363 0 88 331 161 390 0 136 305 217 411 0 211 322 266 416 0 240 274 313 387 0 322 289 362 411 0 338 321 416 416 0 302 0 392 73
56 /home/lucas/TensorFlow/workspace/training_demo/YOLOv3_TensorFlow-master/data/my_data/images/train_416/IMG_20200216_171621303.jpg 416 416 0 306 31 398 146 0 181 149 292 217 0 31 150 107 214 0 0 265 32 361 0 89 248 158 376 0 74 347 138 414 0 27 386 91 416 0 248 347 337 416 0 338 374 406 416
57 /home/lucas/TensorFlow/workspace/training_demo/YOLOv3_TensorFlow-master/data/my_data/images/train_416/IMG_20200216_171559300.jpg 416 416 0 148 259 211 342 0 161 128 233 211 0 263 312 332 402 0 191 324 257 416 0 5 176 103 305 0 37 89 89 180 0 0 39 34 135 0 284 175 344 304 0 325 261 416 377 0 357 148 416 236 0 290 90 342 172 0 328 19 414 141 0 168 0 272 90 0 237 0 311 32 0 373 0 416 27 0 115 0 170 58 0 67 0 123 28
58 /home/lucas/TensorFlow/workspace/training_demo/YOLOv3_TensorFlow-master/data/my_data/images/train_416/IMG_20200216_170422467.jpg 416 416 0 174 92 273 341
59 /home/lucas/TensorFlow/workspace/training_demo/YOLOv3_TensorFlow-master/data/my_data/images/train_416/IMG_20200216_171642248.jpg 416 416 0 109 128 192 258 0 21 267 135 367 0 180 220 264 332 0 310 235 403 358 0 278 342 364 416 0 72 18 153 115 0 249 66 358 176 0 301 0 359 47 0 319 18 416 135 0 388 174 416 278 0 0 185 35 265 0 0 51 68 212 0 127 0 206 76
60 /home/lucas/TensorFlow/workspace/training_demo/YOLOv3_TensorFlow-master/data/my_data/images/train_416/IMG_20200216_170921512.jpg 416 416 0 192 190 254 293
61 /home/lucas/TensorFlow/workspace/training_demo/YOLOv3_TensorFlow-master/data/my_data/images/train_416/IMG_20200216_170854690.jpg 416 416 0 146 133 296 365
62 /home/lucas/TensorFlow/workspace/training_demo/YOLOv3_TensorFlow-master/data/my_data/images/train_416/IMG_20200216_170548476.jpg 416 416 0 162 96 275 341
63 /home/lucas/TensorFlow/workspace/training_demo/YOLOv3_TensorFlow-master/data/my_data/images/train_416/IMG_20200216_170352904.jpg 416 416 0 153 27 178 64 0 254 24 269 41 0 191 69 210 109 0 218 95 235 125 0 249 60 275 114 0 105 72 144 106 0 91 111 108 136 0 152 108 183 146 0 171 142 191 165 0 212 140 228 171 0 91 186 110 210 0 131 197 156 225 0 156 205 182 236 0 115 250 151 286 0 161 261 176 292 0 181 243 202 269 0 172 278 190 305 0 176 262 213 283 0 180 318 200 364 0 225 311 249 334 0 262 333 278 361 0 248 143 273 186 0 289 138 308 167 0 325 155 345 181 0 222 219 249 258 0 261 208 285 244 0 275 248 295 272 0 255 272 274 295 0 288 293 315 321 0 312 330 331 360 0 321 232 353 266
64 /home/lucas/TensorFlow/workspace/training_demo/YOLOv3_TensorFlow-master/data/my_data/images/train_416/IMG_20200216_171609987.jpg 416 416 0 97 0 127 25 0 93 51 152 167 0 18 116 103 209 0 183 107 236 182 0 246 32 313 121 0 79 230 142 333 0 92 311 169 408 0 213 223 281 301 0 258 258 311 330 0 306 268 416 365 0 360 205 416 290 0 188 366 238 416 0 300 393 368 416 0 347 64 416 150 0 351 0 416 69
65 /home/lucas/TensorFlow/workspace/training_demo/YOLOv3_TensorFlow-master/data/my_data/images/train_416/IMG_20200216_170542385.jpg 416 416 0 162 123 246 260
66 /home/lucas/TensorFlow/workspace/training_demo/YOLOv3_TensorFlow-master/data/my_data/images/train_416/IMG_20200216_171517974.jpg 416 416 0 168 14 187 43 0 134 41 163 61 0 99 42 118 58 0 82 69 99 91 0 112 64 129 96 0 109 89 124 103 0 96 97 118 119 0 61 114 75 136 0 202 32 222 62 0 204 66 217 92 0 150 87 171 108 0 171 94 186 117 0 172 117 183 134 0 154 104 172 131 0 129 113 148 145 0 142 130 152 147 0 119 128 131 144 0 189 91 202 106 0 189 103 206 120 0 201 91 218 113 0 211 94 221 106 0 219 97 228 115 0 215 114 235 132 0 78 125 98 149 0 96 129 108 150 0 89 147 105 172 0 58 155 76 182 0 74 157 97 190 0 121 149 135 173 0 131 161 147 179 0 145 167 155 186 0 150 170 172 196 0 175 143 189 165 0 228 73 244 95 0 234 22 256 64 0 57 184 70 220 0 92 187 108 208 0 110 174 134 200 0 165 182 176 198 0 194 147 208 173 0 176 166 190 191 0 209 144 222 168 0 189 176 199 203 0 175 188 190 207 0 201 178 221 206 0 212 164 230 181 0 228 173 241 193 0 225 131 247 160 0 241 95 263 127 0 272 61 287 98 0 287 88 302 107 0 260 99 275 119 0 247 130 263 154 0 268 123 282 148 0 295 103 321 132 0 315 96 330 120 0 249 155 267 172 0 239 156 256 180 0 163 197 185 222 0 178 214 191 230 0 190 204 205 225 0 204 214 215 236 0 124 211 140 230 0 140 217 154 236 0 96 224 110 243 0 121 229 134 251 0 136 226 149 255 0 81 240 94 260 0 58 224 74 255 0 39 243 61 266 0 55 268 72 296 0 85 268 105 287 0 97 276 112 293 0 123 260 149 286 0 147 240 168 262 0 111 276 138 303 0 59 290 77 315 0 190 240 203 260 0 197 231 212 252 0 168 249 187 278 0 159 266 180 285 0 193 262 209 285 0 177 284 199 305 0 150 282 173 315 0 141 303 154 323 0 157 316 173 338 0 207 280 222 300 0 230 202 255 234 0 229 232 241 251 0 219 253 238 273 0 230 243 249 266 0 246 212 261 242 0 258 222 267 236 0 258 232 277 249 0 260 201 291 227 0 278 187 293 206 0 253 257 268 275 0 285 161 311 187 0 310 157 334 189 0 295 186 312 210 0 288 205 305 224 0 280 219 299 241 0 299 215 325 248 0 331 177 362 207 0 334 223 353 248 0 322 268 339 292 0 281 267 307 294 0 312 295 331 315 0 228 283 244 306 0 243 271 259 314 0 260 299 281 326 0 222 301 236 330 0 258 326 280 353 0 219 333 231 353 0 205 328 217 354 0 184 327 208 352 0 307 330 327 369 0 295 355 313 387 0 273 381 288 409 0 243 362 261 397 0 217 354 240 395 0 196 345 213 375 0 182 365 204 390 0 171 349 196 376 0 134 355 149 379 0 148 346 169 373 0 137 323 156 356 0 109 310 128 332 0 79 302 93 326 0 71 325 97 359 0 106 343 121 365 0 116 362 133 382 0 343 109 371 139
67 /home/lucas/TensorFlow/workspace/training_demo/YOLOv3_TensorFlow-master/data/my_data/images/train_416/IMG_20200216_171547176.jpg 416 416 0 246 155 375 343 0 55 109 224 357 0 332 0 416 62 0 80 0 140 89 0 0 0 63 93 0 0 91 47 236
68 /home/lucas/TensorFlow/workspace/training_demo/YOLOv3_TensorFlow-master/data/my_data/images/train_416/IMG_20200216_170602788.jpg 416 416 0 162 137 247 275
69 /home/lucas/TensorFlow/workspace/training_demo/YOLOv3_TensorFlow-master/data/my_data/images/train_416/IMG_20200216_171535450.jpg 416 416 0 9 308 51 357 0 17 229 63 277 0 33 350 78 401 0 83 335 114 386 0 85 252 128 329 0 135 233 173 286 0 116 304 162 370 0 93 206 123 251 0 174 313 230 376 0 201 251 260 317 0 233 304 274 362 0 200 341 254 411 0 254 257 285 318 0 291 266 314 313 0 284 316 347 416 0 354 340 402 416 0 292 195 330 255 0 382 240 416 309 0 385 185 416 238 0 308 151 346 198 0 342 121 383 217 0 254 142 287 185 0 180 162 229 203 0 115 158 169 229 0 21 150 83 204 0 48 103 110 164 0 0 122 23 190 0 155 64 201 138 0 140 113 186 159 0 110 43 158 107 0 43 32 74 81 0 0 15 21 70 0 80 36 108 89 0 84 6 121 48 0 51 0 88 33 0 219 100 256 157 0 207 48 240 98 0 229 31 261 79 0 280 74 326 122 0 365 78 403 124 0 308 53 357 105 0 304 27 335 69 0 374 21 416 64 0 241 0 268 38 0 215 0 242 15 0 179 0 209 25 0 148 0 191 13 0 302 0 351 31 0 342 0 378 47 0 371 0 394 32 0 387 0 416 13
70 /home/lucas/TensorFlow/workspace/training_demo/YOLOv3_TensorFlow-master/data/my_data/images/train_416/IMG_20200216_171216123.jpg 416 416 0 222 235 283 351 0 260 128 349 237 0 266 0 337 103 0 194 85 245 174 0 156 0 221 51 0 117 66 171 176 0 80 51 113 93 0 37 0 71 28 0 0 1 29 44 0 47 93 100 155 0 0 163 50 228 0 22 244 67 296 0 0 334 43 394 0 69 207 128 311 0 151 244 187 319 0 124 323 169 388 0 72 336 111 394
